    0.0000000000     0.0000000000     0.0000000000 1
    0.0090909091     0.0000000000     0.0000000000 1
    0.0181818182     0.0000000000     0.0000000000 1
    0.0272727273     0.0000000000     0.0000000000 1
    0.0363636364     0.0000000000     0.0000000000 1
    0.0454545455     0.0000000000     0.0000000000 1
    0.0545454545     0.0000000000     0.0000000000 1
    0.0636363636     0.0000000000     0.0000000000 1
    0.0727272727     0.0000000000     0.0000000000 1
    0.0818181818     0.0000000000     0.0000000000 1
    0.0909090909     0.0000000000     0.0000000000 1
    0.1000000000     0.0000000000     0.0000000000 1
    0.1090909091     0.0000000000     0.0000000000 1
    0.1181818182     0.0000000000     0.0000000000 1
    0.1272727273     0.0000000000     0.0000000000 1
    0.1363636364     0.0000000000     0.0000000000 1
    0.1454545455     0.0000000000     0.0000000000 1
    0.1545454545     0.0000000000     0.0000000000 1
    0.1636363636     0.0000000000     0.0000000000 1
    0.1727272727     0.0000000000     0.0000000000 1
    0.1818181818     0.0000000000     0.0000000000 1
    0.1909090909     0.0000000000     0.0000000000 1
    0.2000000000     0.0000000000     0.0000000000 1
    0.2090909091     0.0000000000     0.0000000000 1
    0.2181818182     0.0000000000     0.0000000000 1
    0.2272727273     0.0000000000     0.0000000000 1
    0.2363636364     0.0000000000     0.0000000000 1
    0.2454545455     0.0000000000     0.0000000000 1
    0.2545454545     0.0000000000     0.0000000000 1
    0.2636363636     0.0000000000     0.0000000000 1
    0.2727272727     0.0000000000     0.0000000000 1
    0.2818181818     0.0000000000     0.0000000000 1
    0.2909090909     0.0000000000     0.0000000000 1
    0.3000000000     0.0000000000     0.0000000000 1
    0.3090909091     0.0000000000     0.0000000000 1
    0.3181818182     0.0000000000     0.0000000000 1
    0.3272727273     0.0000000000     0.0000000000 1
    0.3363636364     0.0000000000     0.0000000000 1
    0.3454545455     0.0000000000     0.0000000000 1
    0.3545454545     0.0000000000     0.0000000000 1
    0.3636363636     0.0000000000     0.0000000000 1
    0.3727272727     0.0000000000     0.0000000000 1
    0.3818181818     0.0000000000     0.0000000000 1
    0.3909090909     0.0000000000     0.0000000000 1
    0.4000000000     0.0000000000     0.0000000000 1
    0.4090909091     0.0000000000     0.0000000000 1
    0.4181818182     0.0000000000     0.0000000000 1
    0.4272727273     0.0000000000     0.0000000000 1
    0.4363636364     0.0000000000     0.0000000000 1
    0.4454545455     0.0000000000     0.0000000000 1
    0.4545454545     0.0000000000     0.0000000000 1
    0.4636363636     0.0000000000     0.0000000000 1
    0.4727272727     0.0000000000     0.0000000000 1
    0.4818181818     0.0000000000     0.0000000000 1
    0.4909090909     0.0000000000     0.0000000000 1
    0.5000000000     0.0000000000     0.0000000000 1
    0.4946236559     0.0107526882     0.0000000000 1
    0.4892473118     0.0215053763     0.0000000000 1
    0.4838709677     0.0322580645     0.0000000000 1
    0.4784946237     0.0430107527     0.0000000000 1
    0.4731182796     0.0537634409     0.0000000000 1
    0.4677419355     0.0645161290     0.0000000000 1
    0.4623655914     0.0752688172     0.0000000000 1
    0.4569892473     0.0860215054     0.0000000000 1
    0.4516129032     0.0967741935     0.0000000000 1
    0.4462365591     0.1075268817     0.0000000000 1
    0.4408602151     0.1182795699     0.0000000000 1
    0.4354838710     0.1290322581     0.0000000000 1
    0.4301075269     0.1397849462     0.0000000000 1
    0.4247311828     0.1505376344     0.0000000000 1
    0.4193548387     0.1612903226     0.0000000000 1
    0.4139784946     0.1720430108     0.0000000000 1
    0.4086021505     0.1827956989     0.0000000000 1
    0.4032258065     0.1935483871     0.0000000000 1
    0.3978494624     0.2043010753     0.0000000000 1
    0.3924731183     0.2150537634     0.0000000000 1
    0.3870967742     0.2258064516     0.0000000000 1
    0.3817204301     0.2365591398     0.0000000000 1
    0.3763440860     0.2473118280     0.0000000000 1
    0.3709677419     0.2580645161     0.0000000000 1
    0.3655913978     0.2688172043     0.0000000000 1
    0.3602150538     0.2795698925     0.0000000000 1
    0.3548387097     0.2903225806     0.0000000000 1
    0.3494623656     0.3010752688     0.0000000000 1
    0.3440860215     0.3118279570     0.0000000000 1
    0.3387096774     0.3225806452     0.0000000000 1
    0.3333333333     0.3333333333     0.0000000000 1
    0.3281250000     0.3281250000     0.0000000000 1
    0.3229166667     0.3229166667     0.0000000000 1
    0.3177083333     0.3177083333     0.0000000000 1
    0.3125000000     0.3125000000     0.0000000000 1
    0.3072916667     0.3072916667     0.0000000000 1
    0.3020833333     0.3020833333     0.0000000000 1
    0.2968750000     0.2968750000     0.0000000000 1
    0.2916666667     0.2916666667     0.0000000000 1
    0.2864583333     0.2864583333     0.0000000000 1
    0.2812500000     0.2812500000     0.0000000000 1
    0.2760416667     0.2760416667     0.0000000000 1
    0.2708333333     0.2708333333     0.0000000000 1
    0.2656250000     0.2656250000     0.0000000000 1
    0.2604166667     0.2604166667     0.0000000000 1
    0.2552083333     0.2552083333     0.0000000000 1
    0.2500000000     0.2500000000     0.0000000000 1
    0.2447916667     0.2447916667     0.0000000000 1
    0.2395833333     0.2395833333     0.0000000000 1
    0.2343750000     0.2343750000     0.0000000000 1
    0.2291666667     0.2291666667     0.0000000000 1
    0.2239583333     0.2239583333     0.0000000000 1
    0.2187500000     0.2187500000     0.0000000000 1
    0.2135416667     0.2135416667     0.0000000000 1
    0.2083333333     0.2083333333     0.0000000000 1
    0.2031250000     0.2031250000     0.0000000000 1
    0.1979166667     0.1979166667     0.0000000000 1
    0.1927083333     0.1927083333     0.0000000000 1
    0.1875000000     0.1875000000     0.0000000000 1
    0.1822916667     0.1822916667     0.0000000000 1
    0.1770833333     0.1770833333     0.0000000000 1
    0.1718750000     0.1718750000     0.0000000000 1
    0.1666666667     0.1666666667     0.0000000000 1
    0.1614583333     0.1614583333     0.0000000000 1
    0.1562500000     0.1562500000     0.0000000000 1
    0.1510416667     0.1510416667     0.0000000000 1
    0.1458333333     0.1458333333     0.0000000000 1
    0.1406250000     0.1406250000     0.0000000000 1
    0.1354166667     0.1354166667     0.0000000000 1
    0.1302083333     0.1302083333     0.0000000000 1
    0.1250000000     0.1250000000     0.0000000000 1
    0.1197916667     0.1197916667     0.0000000000 1
    0.1145833333     0.1145833333     0.0000000000 1
    0.1093750000     0.1093750000     0.0000000000 1
    0.1041666667     0.1041666667     0.0000000000 1
    0.0989583333     0.0989583333     0.0000000000 1
    0.0937500000     0.0937500000     0.0000000000 1
    0.0885416667     0.0885416667     0.0000000000 1
    0.0833333333     0.0833333333     0.0000000000 1
    0.0781250000     0.0781250000     0.0000000000 1
    0.0729166667     0.0729166667     0.0000000000 1
    0.0677083333     0.0677083333     0.0000000000 1
    0.0625000000     0.0625000000     0.0000000000 1
    0.0572916667     0.0572916667     0.0000000000 1
    0.0520833333     0.0520833333     0.0000000000 1
    0.0468750000     0.0468750000     0.0000000000 1
    0.0416666667     0.0416666667     0.0000000000 1
    0.0364583333     0.0364583333     0.0000000000 1
    0.0312500000     0.0312500000     0.0000000000 1
    0.0260416667     0.0260416667     0.0000000000 1
    0.0208333333     0.0208333333     0.0000000000 1
    0.0156250000     0.0156250000     0.0000000000 1
    0.0104166667     0.0104166667     0.0000000000 1
    0.0052083333     0.0052083333     0.0000000000 1
    0.0000000000     0.0000000000     0.0000000000 1
