3.141589999999999661e-02 -1.279787682383990155e-01 -1.902277683309295808e-01
9.424780000000000657e-02 1.335229585719042988e-02 -1.693878516770795650e-01
1.570799999999999974e-01 5.008267094629224869e-02 -1.488387492462795447e-01
2.199109999999999954e-01 5.732567742320217319e-02 -1.398474110560826433e-01
2.827430000000000221e-01 5.405753538297139449e-02 -1.368331988620298811e-01
3.455750000000000210e-01 4.645047299076557334e-02 -1.360634747383752119e-01
4.084070000000000200e-01 3.709089881523491145e-02 -1.357736043788151936e-01
4.712390000000000190e-01 2.727001552506546841e-02 -1.352312022016552984e-01
5.340709999999999624e-01 1.767914709726509451e-02 -1.342044578160871415e-01
5.969029999999999614e-01 8.682114716846026439e-03 -1.326901788232120183e-01
6.597340000000000426e-01 4.503985709224917573e-04 -1.307766493281368181e-01
7.225660000000000416e-01 -6.959322818203809817e-03 -1.285765415650981236e-01
7.853980000000000405e-01 -1.355613252369521592e-02 -1.261968262165965304e-01
8.482300000000000395e-01 -1.938517715585048526e-02 -1.237271136624423645e-01
9.110620000000000385e-01 -2.450884286328424561e-02 -1.212372246010815363e-01
9.738940000000000374e-01 -2.899554030708461835e-02 -1.187787335857913990e-01
1.036729999999999929e+00 -3.291349711361406943e-02 -1.163877898897320157e-01
1.099560000000000093e+00 -3.632624368862578945e-02 -1.140889683216165518e-01
1.162390000000000034e+00 -3.929280390877716578e-02 -1.118969930337607721e-01
1.225219999999999976e+00 -4.186574980794648126e-02 -1.098199588605458660e-01
1.288049999999999917e+00 -4.409165383346673461e-02 -1.078609856230488967e-01
1.350880000000000081e+00 -4.601145975845927216e-02 -1.060196712756362597e-01
1.413720000000000088e+00 -4.766124276006600269e-02 -1.042929226822403022e-01
1.476550000000000029e+00 -4.907176624732172837e-02 -1.026768510130753320e-01
1.539379999999999971e+00 -5.027060387613090098e-02 -1.011657216418264116e-01
1.602209999999999912e+00 -5.128156882540958056e-02 -9.975350365663226970e-02
1.665040000000000076e+00 -5.212546242193333290e-02 -9.843389547504380332e-02
1.727880000000000082e+00 -5.282058503563379775e-02 -9.720035297604122382e-02
1.790710000000000024e+00 -5.338267603737682082e-02 -9.604701127908243929e-02
1.853539999999999965e+00 -5.382588354937242053e-02 -9.496760955006545990e-02
1.916369999999999907e+00 -5.416256765335729362e-02 -9.395635394682962105e-02
1.979200000000000070e+00 -5.440365027763750805e-02 -9.300775391375110113e-02
2.042040000000000077e+00 -5.455882819320913985e-02 -9.211650541942457970e-02
2.104870000000000019e+00 -5.463665418249667033e-02 -9.127805666292379549e-02
2.167699999999999960e+00 -5.464482495019610392e-02 -9.048775675510785377e-02
2.230529999999999902e+00 -5.459019143180513650e-02 -8.974142351044554766e-02
2.293359999999999843e+00 -5.447889354715439864e-02 -8.903518531907167466e-02
2.356189999999999785e+00 -5.431644875321874760e-02 -8.836546669992627334e-02
2.419029999999999792e+00 -5.410779132964759625e-02 -8.772887354069816568e-02
2.481860000000000177e+00 -5.385747783622333446e-02 -8.712257633026893044e-02
2.544690000000000119e+00 -5.356954296432396567e-02 -8.654368626295526334e-02
2.607520000000000060e+00 -5.324767433272042244e-02 -8.598964858500390829e-02
2.670350000000000001e+00 -5.289522473628759797e-02 -8.545812265010635511e-02
2.733190000000000008e+00 -5.251518596898946400e-02 -8.494688665146066242e-02
2.796019999999999950e+00 -5.211046675974254083e-02 -8.445414509442084050e-02
2.858849999999999891e+00 -5.168355679795477026e-02 -8.397802726856180844e-02
2.921679999999999833e+00 -5.123678889575519063e-02 -8.351690249726080595e-02
2.984510000000000218e+00 -5.077230174802973423e-02 -8.306928501573239421e-02
3.047340000000000160e+00 -5.029205851010105227e-02 -8.263382258411267056e-02
3.110180000000000167e+00 -4.979778350776732643e-02 -8.220921912559192579e-02
3.173010000000000108e+00 -4.929129360899452833e-02 -8.179449339393943252e-02
3.235840000000000050e+00 -4.877403875629537228e-02 -8.138856468580060732e-02
3.298669999999999991e+00 -4.824742614198162388e-02 -8.099051616882435578e-02
3.361499999999999932e+00 -4.771275283580593551e-02 -8.059951863686661000e-02
3.424339999999999939e+00 -4.717112825650157659e-02 -8.021476249920053703e-02
3.487169999999999881e+00 -4.662382826350128934e-02 -7.983569498117043528e-02
3.549999999999999822e+00 -4.607178514538730341e-02 -7.946164673227147646e-02
3.612830000000000208e+00 -4.551593818566818106e-02 -7.909207189926108217e-02
3.675660000000000149e+00 -4.495715403575794439e-02 -7.872648114922006779e-02
3.738500000000000156e+00 -4.439614279962499771e-02 -7.836437945139942962e-02
3.801330000000000098e+00 -4.383382048973523404e-02 -7.800549152211122550e-02
3.864160000000000039e+00 -4.327077775496011858e-02 -7.764941205635848831e-02
3.926989999999999981e+00 -4.270764095890051959e-02 -7.729583290763503145e-02
3.989819999999999922e+00 -4.214498687645854003e-02 -7.694448169675528748e-02
4.052649999999999864e+00 -4.158334620553031519e-02 -7.659511859348352991e-02
4.115490000000000315e+00 -4.102311779142849002e-02 -7.624747816578111848e-02
4.178320000000000256e+00 -4.046492798266621699e-02 -7.590148765829900224e-02
4.241150000000000198e+00 -3.990909836839397901e-02 -7.555693260447803039e-02
4.303980000000000139e+00 -3.935600525862083948e-02 -7.521367605994891403e-02
4.366810000000000080e+00 -3.880599276174304113e-02 -7.487160103381035325e-02
4.429649999999999643e+00 -3.825928826176075437e-02 -7.453055436056454930e-02
4.492479999999999585e+00 -3.771635191635076129e-02 -7.419056183897765333e-02
4.555310000000000414e+00 -3.717735648604831439e-02 -7.385150098904243177e-02
4.618140000000000356e+00 -3.664253769212807987e-02 -7.351331680346107067e-02
4.680970000000000297e+00 -3.611210858323464501e-02 -7.317596602494871871e-02
4.743800000000000239e+00 -3.558626106941392697e-02 -7.283941589571563124e-02
4.806639999999999802e+00 -3.506508480417577095e-02 -7.250358963358496944e-02
4.869469999999999743e+00 -3.454889951661016534e-02 -7.216857903006802799e-02
4.932299999999999685e+00 -3.403775860402197956e-02 -7.183432285148187713e-02
4.995129999999999626e+00 -3.353178283771587886e-02 -7.150081985534587070e-02
5.057959999999999567e+00 -3.303107813891704297e-02 -7.116807449524119311e-02
5.120800000000000018e+00 -3.253565819738932219e-02 -7.083604342382170127e-02
5.183629999999999960e+00 -3.204575993260323774e-02 -7.050484606594245585e-02
5.246459999999999901e+00 -3.156137134512679993e-02 -7.017444699461367064e-02
5.309289999999999843e+00 -3.108254858292179915e-02 -6.984486686524382648e-02
5.372119999999999784e+00 -3.060933746443354753e-02 -6.951612902754131240e-02
5.434960000000000235e+00 -3.014170025342820247e-02 -6.918820696990311825e-02
5.497790000000000177e+00 -2.967981312298196075e-02 -6.886123251723484662e-02
5.560620000000000118e+00 -2.922362029742073958e-02 -6.853518236228756111e-02
5.623450000000000060e+00 -2.877313323613549592e-02 -6.821008661925974381e-02
5.686280000000000001e+00 -2.832835633837025441e-02 -6.788597627942208335e-02
5.749109999999999943e+00 -2.788928747958562687e-02 -6.756288295047524484e-02
5.811950000000000394e+00 -2.745584999233392082e-02 -6.724078745238896981e-02
5.874780000000000335e+00 -2.702816812835134516e-02 -6.691982446954754249e-02
5.937610000000000277e+00 -2.660615365464124790e-02 -6.659997482003186808e-02
6.000440000000000218e+00 -2.618978307130252758e-02 -6.628127049114075631e-02
6.063270000000000159e+00 -2.577902857072986512e-02 -6.596374315474738681e-02
6.126109999999999722e+00 -2.537379435614214168e-02 -6.564737379359811276e-02
6.188939999999999664e+00 -2.497417403759984514e-02 -6.533229378039689950e-02
6.251769999999999605e+00 -2.458006403813611448e-02 -6.501848270348392633e-02
6.314600000000000435e+00 -2.419142272018399986e-02 -6.470596986335090672e-02
6.377430000000000376e+00 -2.380820573328441825e-02 -6.439478376004123539e-02
6.440260000000000318e+00 -2.343036627384584639e-02 -6.408495203363033521e-02
6.503099999999999881e+00 -2.305779646058297300e-02 -6.377645243297765110e-02
6.565929999999999822e+00 -2.269056386613706525e-02 -6.346940892721095184e-02
6.628759999999999764e+00 -2.232855600906270138e-02 -6.316379710961046723e-02
6.691589999999999705e+00 -2.197171854466097377e-02 -6.285964076829921032e-02
6.754419999999999646e+00 -2.161999573776527198e-02 -6.255696266376575831e-02
6.817260000000000097e+00 -2.127327585876122307e-02 -6.225573670078207028e-02
6.880090000000000039e+00 -2.093161123693629971e-02 -6.195607942368909493e-02
6.942919999999999980e+00 -2.059488737298063865e-02 -6.165796239583846289e-02
7.005749999999999922e+00 -2.026304457183226992e-02 -6.136140418464618163e-02
7.068579999999999863e+00 -1.993602249534288592e-02 -6.106642231077581001e-02
7.131420000000000314e+00 -1.961370936623945890e-02 -6.077298668779101964e-02
7.194250000000000256e+00 -1.929614648408634406e-02 -6.048120616223471441e-02
7.257080000000000197e+00 -1.898322059627948616e-02 -6.019104834897462397e-02
7.319910000000000139e+00 -1.867486990382853304e-02 -5.990252668565235888e-02
7.382740000000000080e+00 -1.837103248123317031e-02 -5.961565362696426285e-02
7.445570000000000022e+00 -1.807164635793252067e-02 -5.933044066340912442e-02
7.508409999999999584e+00 -1.777660298799573629e-02 -5.904685334640626115e-02
7.571240000000000414e+00 -1.748593442530572625e-02 -5.876499155771204574e-02
7.634070000000000356e+00 -1.719953169302139429e-02 -5.848481875851629930e-02
7.696900000000000297e+00 -1.691733333545589538e-02 -5.820634279410934198e-02
7.759730000000000238e+00 -1.663927817274176921e-02 -5.792957065580335574e-02
7.822569999999999801e+00 -1.636526206645642911e-02 -5.765446486261550235e-02
7.885399999999999743e+00 -1.609531173487478359e-02 -5.738111832866328588e-02
7.948229999999999684e+00 -1.582932317637840425e-02 -5.710949171390478779e-02
8.011060000000000514e+00 -1.556723676682677041e-02 -5.683958883721591804e-02
8.073890000000000455e+00 -1.530899336491774176e-02 -5.657141278616701491e-02
8.136720000000000397e+00 -1.505453434294084028e-02 -5.630496594174468766e-02
8.199559999999999960e+00 -1.480376200150593236e-02 -5.604020800868087654e-02
8.262389999999999901e+00 -1.455669862585221193e-02 -5.577722429260057596e-02
8.325219999999999843e+00 -1.431324708296814220e-02 -5.551597293149420492e-02
8.388049999999999784e+00 -1.407335104968853411e-02 -5.525645372359454244e-02
8.450879999999999725e+00 -1.383695482875167519e-02 -5.499866588102080012e-02
8.513719999999999288e+00 -1.360396655902404613e-02 -5.474256743642451351e-02
8.576549999999999230e+00 -1.337440598500247435e-02 -5.448823800643207843e-02
8.639379999999999171e+00 -1.314818202282569577e-02 -5.423563429006406089e-02
8.702209999999999113e+00 -1.292524161394833018e-02 -5.398475338178176236e-02
8.765040000000000830e+00 -1.270553238431002332e-02 -5.373559190112143363e-02
8.827880000000000393e+00 -1.248896843868907945e-02 -5.348810676644150108e-02
8.890710000000000335e+00 -1.227556770981893218e-02 -5.324237247552426194e-02
8.953540000000000276e+00 -1.206524519819322100e-02 -5.299834482613261649e-02
9.016370000000000218e+00 -1.185795132256443375e-02 -5.275601874108690886e-02
9.079200000000000159e+00 -1.165363720741817606e-02 -5.251538876720904248e-02
9.142030000000000101e+00 -1.145225468385751774e-02 -5.227644909353185154e-02
9.204869999999999663e+00 -1.125372492369179807e-02 -5.203915594118128929e-02
9.267699999999999605e+00 -1.105806434992138640e-02 -5.180357835820184609e-02
9.330529999999999546e+00 -1.086519508883843944e-02 -5.156967166883836412e-02
9.393359999999999488e+00 -1.067507178948373138e-02 -5.133742880244835521e-02
9.456189999999999429e+00 -1.048764979941176415e-02 -5.110684241375235831e-02
9.519030000000000769e+00 -1.030285596314095206e-02 -5.087786859112638366e-02
9.581860000000000710e+00 -1.012070582206231299e-02 -5.065057235887732850e-02
9.644690000000000651e+00 -9.941127177794573458e-03 -5.042490906765623865e-02
9.707520000000000593e+00 -9.764078129980001408e-03 -5.020087041942358774e-02
9.770350000000000534e+00 -9.589517453316138626e-03 -4.997844791196901643e-02
9.833190000000000097e+00 -9.417377390845497673e-03 -4.975759783419519272e-02
9.896020000000000039e+00 -9.247672830602127192e-03 -4.953838160152191500e-02
9.958849999999999980e+00 -9.080336948158806293e-03 -4.932075490081235664e-02
1.002169999999999916e+01 -8.915278997796604460e-03 -4.910464001409631934e-02
1.008450000000000024e+01 -8.752643223261932434e-03 -4.889026717379925391e-02
1.014729999999999954e+01 -8.592260133960945637e-03 -4.867745436000784492e-02
1.021020000000000039e+01 -8.433842987453884707e-03 -4.846585681082903746e-02
1.027299999999999969e+01 -8.277859433713084802e-03 -4.825613761651882661e-02
1.033580000000000076e+01 -8.124020459983002235e-03 -4.804794933336867246e-02
1.039869999999999983e+01 -7.972051323328711858e-03 -4.784095417552655660e-02
1.046149999999999913e+01 -7.822400981754138241e-03 -4.763580030827865852e-02
1.052430000000000021e+01 -7.674792541686236390e-03 -4.743214736353570937e-02
1.058719999999999928e+01 -7.528962700587475340e-03 -4.722966446470078933e-02
1.065000000000000036e+01 -7.385342632719255930e-03 -4.702898521274057053e-02
1.071279999999999966e+01 -7.243666994766339781e-03 -4.682977624342249401e-02
1.077570000000000050e+01 -7.103683388382071688e-03 -4.663171351053298219e-02
1.083849999999999980e+01 -6.965806061150488053e-03 -4.643541640874091631e-02
1.090130000000000088e+01 -6.829780675156459958e-03 -4.624055849404958007e-02
1.096419999999999995e+01 -6.695365223039105411e-03 -4.604682246141925117e-02
1.102699999999999925e+01 -6.562957834834618441e-03 -4.585481385356453971e-02
1.108980000000000032e+01 -6.432314657169663046e-03 -4.566421305300655958e-02
1.115269999999999939e+01 -6.303203583313684091e-03 -4.547470939792417483e-02
1.121550000000000047e+01 -6.176007389948788388e-03 -4.528689492888002266e-02
1.127829999999999977e+01 -6.050492211090824704e-03 -4.510045675269480636e-02
1.134110000000000085e+01 -5.926631298393637837e-03 -4.491538436321063782e-02
1.140399999999999991e+01 -5.804205020413248997e-03 -4.473137579028095556e-02
1.146679999999999922e+01 -5.683576801462507551e-03 -4.454900560886051325e-02
1.152960000000000029e+01 -5.564525357192604341e-03 -4.436796971932912420e-02
1.159249999999999936e+01 -5.446839899335141275e-03 -4.418797254003339892e-02
1.165530000000000044e+01 -5.330870122431021624e-03 -4.400957593855119726e-02
1.171809999999999974e+01 -5.216403658895620021e-03 -4.383248227582815792e-02
1.178100000000000058e+01 -5.103238146162260638e-03 -4.365640224121299096e-02
1.184379999999999988e+01 -4.991710182532488153e-03 -4.348188532520088495e-02
1.190659999999999918e+01 -4.881615894999622764e-03 -4.330864022833447180e-02
1.196950000000000003e+01 -4.772760949687652327e-03 -4.313638378998124051e-02
1.203229999999999933e+01 -4.665469448052158956e-03 -4.296565344711899409e-02
1.209510000000000041e+01 -4.559545610394696510e-03 -4.279616411564109157e-02
1.215799999999999947e+01 -4.454802754221403108e-03 -4.262763866133907620e-02
1.222080000000000055e+01 -4.351553051457382817e-03 -4.246060278426162099e-02
1.228359999999999985e+01 -4.249608434540321465e-03 -4.229477748899796580e-02
1.234650000000000070e+01 -4.148789513961819234e-03 -4.212989154233501288e-02
1.240930000000000000e+01 -4.049397069278828053e-03 -4.196645921682259917e-02
1.247209999999999930e+01 -3.951250383149987333e-03 -4.180420747744741788e-02
1.253500000000000014e+01 -3.854177018761334363e-03 -4.164287086541114402e-02
1.259779999999999944e+01 -3.758466872108722281e-03 -4.148295252791434073e-02
1.266060000000000052e+01 -3.663946232564710068e-03 -4.132418526106904078e-02
1.272349999999999959e+01 -3.570449293014292362e-03 -4.116630925335570262e-02
1.278630000000000067e+01 -3.478255548024527209e-03 -4.100981682142056800e-02
1.284909999999999997e+01 -3.387197967736612844e-03 -4.085444646283963033e-02
1.291189999999999927e+01 -3.297259399165752836e-03 -4.070018863754512606e-02
1.297480000000000011e+01 -3.208282399671507062e-03 -4.054679086500076468e-02
1.303759999999999941e+01 -3.120533303751925509e-03 -4.039473146873973075e-02
1.310040000000000049e+01 -3.033853509921192061e-03 -4.024375634589635181e-02
1.316329999999999956e+01 -2.948091514395926802e-03 -4.009361836721014871e-02
1.322610000000000063e+01 -2.863504280049619134e-03 -3.994478568475116897e-02
1.328889999999999993e+01 -2.779939189309134275e-03 -3.979700959580444175e-02
1.335180000000000078e+01 -2.697250406171744670e-03 -3.965004819676751224e-02
1.341460000000000008e+01 -2.615685925898236525e-03 -3.950435973848592797e-02
1.347739999999999938e+01 -2.535098841487894075e-03 -3.935970079072539929e-02
1.354030000000000022e+01 -2.455348727570448759e-03 -3.921583455115373179e-02
1.360309999999999953e+01 -2.376674995246107810e-03 -3.907320963236312478e-02
1.366590000000000060e+01 -2.298936188834118603e-03 -3.893158775028024432e-02
1.372879999999999967e+01 -2.221997049658764375e-03 -3.879073708095111261e-02
1.379160000000000075e+01 -2.146088768732206786e-03 -3.865109685450440757e-02
1.385440000000000005e+01 -2.071075095794830748e-03 -3.851243380831521901e-02
1.391729999999999912e+01 -1.996825707447458936e-03 -3.837452097563556763e-02
1.398010000000000019e+01 -1.923563920413114093e-03 -3.823778845284116212e-02
1.404289999999999949e+01 -1.851158456603533295e-03 -3.810200787586589394e-02
1.410580000000000034e+01 -1.779483708336505226e-03 -3.796695701590163674e-02
1.416859999999999964e+01 -1.708755446607613257e-03 -3.783305707731803719e-02
1.423140000000000072e+01 -1.638847144225414514e-03 -3.770008447371991922e-02
1.429420000000000002e+01 -1.569747094428945592e-03 -3.756803114422417600e-02
1.435710000000000086e+01 -1.501335654169136738e-03 -3.743668099452823056e-02
1.441990000000000016e+01 -1.433819017822707742e-03 -3.730644373874397041e-02
1.448269999999999946e+01 -1.367076667246421798e-03 -3.717710197557948237e-02
1.454560000000000031e+01 -1.300993205454176313e-03 -3.704844407862318417e-02
1.460839999999999961e+01 -1.235767986003611036e-03 -3.692087140766488196e-02
1.467120000000000068e+01 -1.171284768389489490e-03 -3.679417106558461464e-02
1.473409999999999975e+01 -1.107432217252073744e-03 -3.666813578189789119e-02
1.479690000000000083e+01 -1.044403123126498535e-03 -3.654315878156950970e-02
1.485970000000000013e+01 -9.820853373129127904e-04 -3.641903155833715877e-02
1.492259999999999920e+01 -9.203714109694262563e-04 -3.629555108805779251e-02
1.498540000000000028e+01 -8.594478359672542414e-04 -3.617310267400725143e-02
1.504819999999999958e+01 -7.992063789862290145e-04 -3.605148208991414138e-02
1.511110000000000042e+01 -7.395433114135079944e-04 -3.593049045081975895e-02
1.517389999999999972e+01 -6.806390781155909541e-04 -3.581050534523871898e-02
1.523670000000000080e+01 -6.223891936186195031e-04 -3.569132671851679706e-02
1.529959999999999987e+01 -5.646934915882206602e-04 -3.557275972018505289e-02
1.536239999999999917e+01 -5.077266095397975527e-04 -3.545517442487118587e-02
1.542520000000000024e+01 -4.513876507177506589e-04 -3.533837484368694548e-02
1.548809999999999931e+01 -3.955798609980468541e-04 -3.522217005844079096e-02
1.555090000000000039e+01 -3.404722988451014723e-04 -3.510692282485080445e-02
1.561369999999999969e+01 -2.859675050381510920e-04 -3.499244111648173311e-02
1.567650000000000077e+01 -2.320573692670717858e-04 -3.487871833321608273e-02
1.573939999999999984e+01 -1.786494658444060630e-04 -3.476556864454140305e-02
1.580219999999999914e+01 -1.259057520704769074e-04 -3.465334534226241492e-02
1.586500000000000021e+01 -7.373312928718350518e-05 -3.454186152622985839e-02
1.592789999999999928e+01 -2.204226215926374945e-05 -3.443093506940554660e-02
1.599070000000000036e+01 2.900997917668975579e-05 -3.432091237754723856e-02
1.605349999999999966e+01 7.951358008667876100e-05 -3.421161028178505703e-02
1.611639999999999873e+01 1.295549123289708201e-04 -3.410285026461389729e-02
1.617920000000000158e+01 1.789819982482905201e-04 -3.399497202219586151e-02
1.624200000000000088e+01 2.278818376314724933e-04 -3.388779602206020564e-02
1.630489999999999995e+01 2.763379592544793774e-04 -3.378114726474017171e-02
1.636769999999999925e+01 3.242030922095814546e-04 -3.367535890803095844e-02
1.643049999999999855e+01 3.715613721910145692e-04 -3.357025496346911081e-02
1.649340000000000117e+01 4.184935997424321825e-04 -3.346566386054970754e-02
1.655620000000000047e+01 4.648570334479404874e-04 -3.336191238485892996e-02
1.661899999999999977e+01 5.107330605080366006e-04 -3.325882800200641309e-02
1.668189999999999884e+01 5.561998624562824491e-04 -3.315624248375713401e-02
1.674470000000000169e+01 6.011190581476640949e-04 -3.305447640472482240e-02
1.680750000000000099e+01 6.455693963196306763e-04 -3.295336059707977550e-02
1.687040000000000006e+01 6.896265434887501392e-04 -3.285273009051159487e-02
1.693319999999999936e+01 7.331563171772501747e-04 -3.275289940512394332e-02
1.699599999999999866e+01 7.762349324231385865e-04 -3.265370265451682241e-02
1.705880000000000152e+01 8.188681047654779166e-04 -3.255513450146856752e-02
1.712170000000000059e+01 8.611283010325210263e-04 -3.245703419179305632e-02
1.718449999999999989e+01 9.028866973247035022e-04 -3.235970840933927173e-02
1.724729999999999919e+01 9.442162852218709702e-04 -3.226299551400218374e-02
1.731019999999999825e+01 9.851872403864524955e-04 -3.216673782161685174e-02
1.737300000000000111e+01 1.025674587991243659e-03 -3.207123630881290183e-02
1.743580000000000041e+01 1.065749011429898861e-03 -3.197633242730334863e-02
1.749869999999999948e+01 1.105478483707690888e-03 -3.188187148610718141e-02
1.756149999999999878e+01 1.144741740139110708e-03 -3.178814889620741602e-02
1.762430000000000163e+01 1.183607245099210174e-03 -3.169500912361487149e-02
1.768720000000000070e+01 1.222140853324596346e-03 -3.160230039584495387e-02
1.775000000000000000e+01 1.260224877408775953e-03 -3.151031269563479842e-02
1.781279999999999930e+01 1.297925647726015739e-03 -3.141889342794985246e-02
1.787569999999999837e+01 1.335306981230565630e-03 -3.132789366621396149e-02
1.793850000000000122e+01 1.372254640695110949e-03 -3.123759809827760317e-02
1.800130000000000052e+01 1.408832903580777311e-03 -3.114785699484304282e-02
1.806419999999999959e+01 1.445103625849143009e-03 -3.105852420470356715e-02
1.812699999999999889e+01 1.480955898826971347e-03 -3.096987925026742708e-02
1.818980000000000175e+01 1.516452024426756572e-03 -3.088177519682924754e-02
1.825270000000000081e+01 1.551651970904211007e-03 -3.079406860001024371e-02
1.831550000000000011e+01 1.586448041717845175e-03 -3.070703394242973311e-02
1.837829999999999941e+01 1.620900637067989713e-03 -3.062052701485103168e-02
1.844109999999999872e+01 1.655013855537660564e-03 -3.053454351439736925e-02
1.850400000000000134e+01 1.688845257041129500e-03 -3.044894350207232037e-02
1.856680000000000064e+01 1.722291254758516726e-03 -3.036399493076128581e-02
1.862959999999999994e+01 1.755409822689885926e-03 -3.027955712059358234e-02
1.869249999999999901e+01 1.788256791419454714e-03 -3.019549268696026384e-02
1.875529999999999831e+01 1.820731533441498134e-03 -3.011206482205318335e-02
1.881810000000000116e+01 1.852890280611405689e-03 -3.002913541775557513e-02
1.888100000000000023e+01 1.884787197056562004e-03 -2.994656958159071583e-02
1.894379999999999953e+01 1.916324513727494421e-03 -2.986462585892177626e-02
1.900659999999999883e+01 1.947556783682778203e-03 -2.978316865061797838e-02
1.906950000000000145e+01 1.978536564683176010e-03 -2.970206549585492281e-02
1.913230000000000075e+01 2.009168849464851737e-03 -2.962157040373668629e-02
1.919510000000000005e+01 2.039506572834238335e-03 -2.954155022314463447e-02
1.925799999999999912e+01 2.069600743634465636e-03 -2.946187486615209350e-02
1.932079999999999842e+01 2.099359023702675100e-03 -2.938279391298374149e-02
1.938360000000000127e+01 2.128832787477458448e-03 -2.930417660130236329e-02
1.944650000000000034e+01 2.158071549825944877e-03 -2.922589515900025220e-02
1.950929999999999964e+01 2.186985552797077008e-03 -2.914819484171472103e-02
1.957209999999999894e+01 2.215624665820268950e-03 -2.907094721835215556e-02
1.963500000000000156e+01 2.244036962347265712e-03 -2.899402677717219032e-02
1.969780000000000086e+01 2.272135179364853045e-03 -2.891767455052826272e-02
1.976060000000000016e+01 2.299967734253534693e-03 -2.884176438267597661e-02
1.982339999999999947e+01 2.327537616156436819e-03 -2.876629279814177723e-02
1.988629999999999853e+01 2.354891054745049221e-03 -2.869113721509103376e-02
1.994910000000000139e+01 2.381943986456688984e-03 -2.861653318814412136e-02
2.001190000000000069e+01 2.408742971308483471e-03 -2.854235751077378869e-02
2.007479999999999976e+01 2.435332911587802761e-03 -2.846848973819618780e-02
2.013759999999999906e+01 2.461632052828237500e-03 -2.839516142701662207e-02
2.020039999999999836e+01 2.487685617898630162e-03 -2.832225152176677530e-02
2.026330000000000098e+01 2.513537227151303993e-03 -2.824964166434624710e-02
2.032610000000000028e+01 2.539107360809830446e-03 -2.817755950536257603e-02
2.038889999999999958e+01 2.564439950391195384e-03 -2.810588608964558963e-02
2.045179999999999865e+01 2.589577377851824506e-03 -2.803450509683838576e-02
2.051460000000000150e+01 2.614442286637231553e-03 -2.796364036097315209e-02
2.057740000000000080e+01 2.639077360784886431e-03 -2.789317497785786734e-02
2.064029999999999987e+01 2.663523785577768740e-03 -2.782299461732323440e-02
2.070309999999999917e+01 2.687706299018470350e-03 -2.775331938373679433e-02
2.076589999999999847e+01 2.711666379707107933e-03 -2.768403437596159838e-02
2.082880000000000109e+01 2.735444056247115108e-03 -2.761502720780189407e-02
2.089160000000000039e+01 2.758966095208432133e-03 -2.754651433843979466e-02
2.095439999999999969e+01 2.782272810054526625e-03 -2.747838282322457790e-02
2.101729999999999876e+01 2.805403111058006691e-03 -2.741052217502065735e-02
2.108010000000000161e+01 2.828285729920098149e-03 -2.734314528995021587e-02
2.114290000000000092e+01 2.850959853610832758e-03 -2.727614113459240347e-02
2.120579999999999998e+01 2.873463310854395322e-03 -2.720940107721911416e-02
2.126859999999999928e+01 2.895726737485605513e-03 -2.714313453073942742e-02
2.133139999999999858e+01 2.917788231046216599e-03 -2.707723232897806323e-02
2.139420000000000144e+01 2.939649920606368823e-03 -2.701169173028367121e-02
2.145710000000000051e+01 2.961348247654696595e-03 -2.694640651069233131e-02
2.151989999999999981e+01 2.982816295677987416e-03 -2.688158155982333514e-02
2.158269999999999911e+01 3.004090764897745462e-03 -2.681711013455067433e-02
2.164560000000000173e+01 3.025207095394392715e-03 -2.675288776915485042e-02
2.170840000000000103e+01 3.046100141348655373e-03 -2.668911604787984823e-02
2.177120000000000033e+01 3.066805594310803400e-03 -2.662568999695017619e-02
2.183409999999999940e+01 3.087357925031465698e-03 -2.656250686916526021e-02
2.189689999999999870e+01 3.107693704755836069e-03 -2.649976501615590105e-02
2.195970000000000155e+01 3.127847648688558170e-03 -2.643736119347474267e-02
2.202260000000000062e+01 3.147853289058329292e-03 -2.637519433381465411e-02
2.208539999999999992e+01 3.167648862548057189e-03 -2.631345962697391808e-02
2.214819999999999922e+01 3.187268139062117336e-03 -2.625205551892046893e-02
2.221109999999999829e+01 3.206743741903503222e-03 -2.619088258468089611e-02
2.227390000000000114e+01 3.226015523481276601e-03 -2.613013292108265842e-02
2.233670000000000044e+01 3.245116338224030093e-03 -2.606970662667113317e-02
2.239959999999999951e+01 3.264077928949444922e-03 -2.600950588227952942e-02
2.246239999999999881e+01 3.282841715913203170e-03 -2.594971975876760734e-02
2.252520000000000167e+01 3.301439666727931307e-03 -2.589024997046177404e-02
2.258810000000000073e+01 3.319902671063507723e-03 -2.583100026847526612e-02
2.265090000000000003e+01 3.338173670895617975e-03 -2.577215676290301946e-02
2.271369999999999933e+01 3.356283774569372019e-03 -2.571362274806508752e-02
2.277649999999999864e+01 3.374234586975784645e-03 -2.565539598474021396e-02
2.283940000000000126e+01 3.392055901109263319e-03 -2.559738226388916932e-02
2.290220000000000056e+01 3.409692618787405621e-03 -2.553976384684411918e-02
2.296499999999999986e+01 3.427174743835424524e-03 -2.548244608033091094e-02
2.302789999999999893e+01 3.444531275871232350e-03 -2.542533624641847220e-02
2.309069999999999823e+01 3.461708537212110273e-03 -2.536861379111543871e-02
2.315350000000000108e+01 3.478735732648324114e-03 -2.531218556139228776e-02
2.321640000000000015e+01 3.495641092430914771e-03 -2.525596029801494696e-02
2.327919999999999945e+01 3.512372318569834291e-03 -2.520011469126710868e-02
2.334199999999999875e+01 3.528957841015281822e-03 -2.514455705571803576e-02
2.340490000000000137e+01 3.545425143757793482e-03 -2.508919755929208545e-02
2.346770000000000067e+01 3.561723269145238360e-03 -2.503421019457692173e-02
2.353049999999999997e+01 3.577879895572350609e-03 -2.497950471197460040e-02
2.359339999999999904e+01 3.593921783012266925e-03 -2.492499267587482137e-02
2.365619999999999834e+01 3.609799276187512004e-03 -2.487084543767701869e-02
2.371900000000000119e+01 3.625539324352004995e-03 -2.481697415270249507e-02
2.378190000000000026e+01 3.641167984879324204e-03 -2.476329175193259235e-02
2.384469999999999956e+01 3.656636868237027414e-03 -2.470996700061196469e-02
2.390749999999999886e+01 3.671972216121158639e-03 -2.465691242889369791e-02
2.397040000000000148e+01 3.687199403934405401e-03 -2.460404230527113434e-02
2.403320000000000078e+01 3.702271272538258922e-03 -2.455152286243850179e-02
2.409600000000000009e+01 3.717213376858500163e-03 -2.449926797609372486e-02
2.415879999999999939e+01 3.732026943573669552e-03 -2.444727580548400336e-02
2.422169999999999845e+01 3.746736469695244581e-03 -2.439546235831629301e-02
2.428450000000000131e+01 3.761296383524381868e-03 -2.434399057197803376e-02
2.434730000000000061e+01 3.775731355434353443e-03 -2.429277607177826245e-02
2.441019999999999968e+01 3.790065245716558659e-03 -2.424173613804015207e-02
2.447299999999999898e+01 3.804253635267263334e-03 -2.419103129535371891e-02
2.453579999999999828e+01 3.818320553288566052e-03 -2.414057844921741608e-02
2.459870000000000090e+01 3.832289241588403804e-03 -2.409029612596538458e-02
2.466150000000000020e+01 3.846116402202624622e-03 -2.404034248653844422e-02
2.472429999999999950e+01 3.859825441538961097e-03 -2.399063568983191355e-02
2.478719999999999857e+01 3.873439000506229829e-03 -2.394109548227933010e-02
2.485000000000000142e+01 3.886914871892217273e-03 -2.389187770907026664e-02
2.491280000000000072e+01 3.900275857029676316e-03 -2.384290175640362691e-02
2.497569999999999979e+01 3.913544012887991592e-03 -2.379408856557319735e-02
2.503849999999999909e+01 3.926678193644297064e-03 -2.374559171270277172e-02
2.510129999999999839e+01 3.939700612646178553e-03 -2.369733178587932199e-02
2.516420000000000101e+01 3.952632759284882558e-03 -2.364923089666983932e-02
2.522700000000000031e+01 3.965434520748506268e-03 -2.360144039764153559e-02
2.528979999999999961e+01 3.978127538886188849e-03 -2.355388205401117915e-02
2.535269999999999868e+01 3.990732751298908809e-03 -2.350647912366416598e-02
2.541550000000000153e+01 4.003211050752629972e-03 -2.345938077997921159e-02
2.547830000000000084e+01 4.015583523506792256e-03 -2.341250994118188739e-02
2.554110000000000014e+01 4.027851119354783696e-03 -2.336586508398181064e-02
2.560399999999999920e+01 4.040034063882310539e-03 -2.331937095828766349e-02
2.566679999999999851e+01 4.052094549346974169e-03 -2.327317389937329922e-02
2.572960000000000136e+01 4.064052945108210732e-03 -2.322719832615675190e-02
2.579250000000000043e+01 4.075928959699192007e-03 -2.318137008132700391e-02
2.585529999999999973e+01 4.087685730419104296e-03 -2.313583342023879316e-02
2.591809999999999903e+01 4.099343106040841990e-03 -2.309051386091157121e-02
2.598100000000000165e+01 4.110920292087508372e-03 -2.304533831683255179e-02
2.604380000000000095e+01 4.122381346357761531e-03 -2.300044900424101993e-02
2.610660000000000025e+01 4.133745611187468992e-03 -2.295577251812506644e-02
2.616949999999999932e+01 4.145031802654119794e-03 -2.291123682134203407e-02
2.623229999999999862e+01 4.156204875309248842e-03 -2.286698213081739608e-02
2.629510000000000147e+01 4.167283678719421736e-03 -2.282293609693334183e-02
2.635800000000000054e+01 4.178286452622272801e-03 -2.277902771102651922e-02
2.642079999999999984e+01 4.189179025340593679e-03 -2.273539522953765823e-02
2.648359999999999914e+01 4.199979766877036218e-03 -2.269196733720996173e-02
2.654650000000000176e+01 4.210706453294923990e-03 -2.264867403348994404e-02
2.660930000000000106e+01 4.221325764442404073e-03 -2.260565165221832540e-02
2.667210000000000036e+01 4.231855603519874345e-03 -2.256282989199169184e-02
2.673499999999999943e+01 4.242313295159245295e-03 -2.252013974050288969e-02
2.679779999999999873e+01 4.252666349195891385e-03 -2.247771564596051999e-02
2.686060000000000159e+01 4.262932214363620263e-03 -2.243548830081666667e-02
2.692340000000000089e+01 4.273111634973561154e-03 -2.239345643614470971e-02
2.698629999999999995e+01 4.283221352170478793e-03 -2.235155232707850687e-02
2.704909999999999926e+01 4.293229949968918602e-03 -2.230990796394265868e-02
2.711189999999999856e+01 4.303154289707896568e-03 -2.226845533390574283e-02
2.717480000000000118e+01 4.313010688114849757e-03 -2.222712765588759701e-02
2.723760000000000048e+01 4.322768511543789369e-03 -2.218605511741445283e-02
2.730039999999999978e+01 4.332444194085327202e-03 -2.214517065475106461e-02
2.736329999999999885e+01 4.342053639000781340e-03 -2.210440841232099232e-02
2.742610000000000170e+01 4.351566975617887981e-03 -2.206389680895031943e-02
2.748890000000000100e+01 4.361000221812552126e-03 -2.202356971159552188e-02
2.755180000000000007e+01 4.370368877975990864e-03 -2.198336217234632059e-02
2.761459999999999937e+01 4.379643817643842293e-03 -2.194340087461870217e-02
2.767739999999999867e+01 4.388840653152980241e-03 -2.190362059810441880e-02
2.774030000000000129e+01 4.397974492279124389e-03 -2.186395728515362971e-02
2.780310000000000059e+01 4.407016934577770786e-03 -2.182453591627700473e-02
2.786589999999999989e+01 4.415983197178307597e-03 -2.178529216638025109e-02
2.792879999999999896e+01 4.424888005167228709e-03 -2.174616285108750893e-02
2.799159999999999826e+01 4.433703666488477031e-03 -2.170727127974585863e-02
2.805440000000000111e+01 4.442445013064558711e-03 -2.166855400537609846e-02
2.811730000000000018e+01 4.451126396903312861e-03 -2.162994870029714967e-02
2.818009999999999948e+01 4.459720817241992312e-03 -2.159157703369262923e-02
2.824289999999999878e+01 4.468242730478588082e-03 -2.155337642000986625e-02
2.830570000000000164e+01 4.476692726480178963e-03 -2.151534579540390416e-02
2.836860000000000070e+01 4.485084674305845828e-03 -2.147742394919924247e-02
2.843140000000000001e+01 4.493392469098477643e-03 -2.143973041095469101e-02
2.849419999999999931e+01 4.501630081154139353e-03 -2.140220371826636811e-02
2.855709999999999837e+01 4.509811027714962992e-03 -2.136478347999023683e-02
2.861990000000000123e+01 4.517909857309064525e-03 -2.132758765508172005e-02
2.868270000000000053e+01 4.525940186128009704e-03 -2.129055560515640336e-02
2.874559999999999960e+01 4.533915188238964687e-03 -2.125362774329765322e-02
2.880839999999999890e+01 4.541810050111652099e-03 -2.121692048653218629e-02
2.887120000000000175e+01 4.549638042539232499e-03 -2.118037400509114807e-02
2.893410000000000082e+01 4.557412004788547431e-03 -2.114392950134048529e-02
2.899690000000000012e+01 4.565107746284907675e-03 -2.110770187839671949e-02
2.905969999999999942e+01 4.572738200859693264e-03 -2.107163210006459536e-02
2.912259999999999849e+01 4.580315881096645031e-03 -2.103566214339699925e-02
2.918540000000000134e+01 4.587817204832032522e-03 -2.099990542498056043e-02
2.924820000000000064e+01 4.595254777112599102e-03 -2.096430368750341888e-02
2.931109999999999971e+01 4.602640791708276918e-03 -2.092879966844911691e-02
2.937389999999999901e+01 4.609952260747490933e-03 -2.089350532463403812e-02
2.943669999999999831e+01 4.617201468419598713e-03 -2.085836316328136888e-02
2.949960000000000093e+01 4.624400297311160798e-03 -2.082331666837887799e-02
2.956240000000000023e+01 4.631526340134863376e-03 -2.078847636312861069e-02
2.962519999999999953e+01 4.638591567909182423e-03 -2.075378550527274060e-02
2.968809999999999860e+01 4.645607559437610334e-03 -2.071918831169755962e-02
2.975090000000000146e+01 4.652552474705771990e-03 -2.068479389755930112e-02
2.981370000000000076e+01 4.659437979015799633e-03 -2.065054625742613822e-02
2.987650000000000006e+01 4.666264531029904773e-03 -2.061644451404738912e-02
2.993939999999999912e+01 4.673043315688301010e-03 -2.058243384075524041e-02
3.000219999999999843e+01 4.679753229197602775e-03 -2.054862151434026438e-02
3.006500000000000128e+01 4.686405540500618479e-03 -2.051495249092068901e-02
3.012790000000000035e+01 4.693011147171900072e-03 -2.048137264618050610e-02
3.019069999999999965e+01 4.699549483099374654e-03 -2.044798790632433236e-02
3.025349999999999895e+01 4.706031528046734219e-03 -2.041474393355482281e-02
3.031640000000000157e+01 4.712467898914400946e-03 -2.038158729330832170e-02
3.037920000000000087e+01 4.718838555185816096e-03 -2.034862258492627779e-02
3.044200000000000017e+01 4.725154194185695808e-03 -2.031579616401639476e-02
3.050489999999999924e+01 4.731425158635474588e-03 -2.028305527345211287e-02
3.056769999999999854e+01 4.737631921869073226e-03 -2.025050320891246328e-02
3.063050000000000139e+01 4.743784905314427612e-03 -2.021808700701705278e-02
3.069340000000000046e+01 4.749894183819647168e-03 -2.018575457603759629e-02
3.075619999999999976e+01 4.755940733153320339e-03 -2.015360793068330866e-02
3.081899999999999906e+01 4.761934705197845216e-03 -2.012159477647100167e-02
3.088190000000000168e+01 4.767885913050858362e-03 -2.008966367530073960e-02
3.094470000000000098e+01 4.773775823817934076e-03 -2.005791538310983460e-02
3.100750000000000028e+01 4.779614326002911036e-03 -2.002629826246847197e-02
3.107039999999999935e+01 4.785410976899423692e-03 -1.999476151739685084e-02
3.113319999999999865e+01 4.791147724159781560e-03 -1.996340466677656508e-02
3.119600000000000151e+01 4.796834198898466961e-03 -1.993217671865090204e-02
3.125880000000000081e+01 4.802470772542747311e-03 -1.990107692806165549e-02
3.132169999999999987e+01 4.808066670314231801e-03 -1.987005533761680362e-02
3.138449999999999918e+01 4.813604464240006653e-03 -1.983920984997394887e-02
3.144729999999999848e+01 4.819093451313149166e-03 -1.980849031612529065e-02
3.151020000000000110e+01 4.824542614173354775e-03 -1.977784739492694302e-02
3.157300000000000040e+01 4.829934981357681886e-03 -1.974737780084517141e-02
3.163579999999999970e+01 4.835279605786509984e-03 -1.971703200431218841e-02
3.169869999999999877e+01 4.840585232919031831e-03 -1.968676126974676713e-02
3.176150000000000162e+01 4.845835337964880633e-03 -1.965666114362342107e-02
3.182430000000000092e+01 4.851038735211596689e-03 -1.962668270506270560e-02
3.188719999999999999e+01 4.856203938187783446e-03 -1.959677781359329615e-02
3.194999999999999929e+01 4.861314859203940027e-03 -1.956704086746783103e-02
3.201279999999999859e+01 4.866380079201935820e-03 -1.953742354397794076e-02
3.207569999999999766e+01 4.871407884883272900e-03 -1.950787828753611577e-02
3.213850000000000051e+01 4.876382616344707328e-03 -1.947849836752431341e-02
3.220130000000000337e+01 4.881312626322034665e-03 -1.944923604911623707e-02
3.226420000000000243e+01 4.886205979651755786e-03 -1.942004435160271311e-02
3.232699999999999818e+01 4.891047435150929108e-03 -1.939101543443833356e-02
3.238980000000000103e+01 4.895845122346363307e-03 -1.936210214061206622e-02
3.245270000000000010e+01 4.900606889034934271e-03 -1.933325805450256119e-02
3.251550000000000296e+01 4.905317903928747142e-03 -1.930457424418276571e-02
3.257829999999999870e+01 4.909986078204941519e-03 -1.927600412060654841e-02
3.264110000000000156e+01 4.914611715410304067e-03 -1.924754704765453683e-02
3.270400000000000063e+01 4.919202381270864829e-03 -1.921915734819033134e-02
3.276680000000000348e+01 4.923743777629058758e-03 -1.919092466347909268e-02
3.282959999999999923e+01 4.928243531895680832e-03 -1.916280314670469956e-02
3.289249999999999829e+01 4.932709003509365073e-03 -1.913474766378037151e-02
3.295530000000000115e+01 4.937126284509758649e-03 -1.910684680636996410e-02
3.301809999999999690e+01 4.941502794785437511e-03 -1.907905527345010732e-02
3.308100000000000307e+01 4.945845691889449308e-03 -1.905132846487003415e-02
3.314379999999999882e+01 4.950141449981274380e-03 -1.902375393998415390e-02
3.320660000000000167e+01 4.954397285859718850e-03 -1.899628693439311261e-02
3.326950000000000074e+01 4.958620159475918970e-03 -1.896888337296047736e-02
3.333229999999999649e+01 4.962796919240974360e-03 -1.894162979966710486e-02
3.339509999999999934e+01 4.966934583177308633e-03 -1.891448197776217713e-02
3.345799999999999841e+01 4.971039917803573606e-03 -1.888739634838886017e-02
3.352080000000000126e+01 4.975100138116825797e-03 -1.886045845674330645e-02
3.358359999999999701e+01 4.979122067561360908e-03 -1.883362458493606159e-02
3.364650000000000318e+01 4.983112283282208066e-03 -1.880685168183733255e-02
3.370929999999999893e+01 4.987058359392946769e-03 -1.878022431010901300e-02
3.377210000000000178e+01 4.990966928846585909e-03 -1.875369926211926941e-02
3.383500000000000085e+01 4.994844383366412420e-03 -1.872723398609051071e-02
3.389779999999999660e+01 4.998678648903217073e-03 -1.870091207807064726e-02
3.396059999999999945e+01 5.002476171897750866e-03 -1.867469083226061879e-02
3.402340000000000231e+01 5.006237202565952046e-03 -1.864856970264048078e-02
3.408630000000000138e+01 5.009967891402571268e-03 -1.862250679042089935e-02
3.414909999999999712e+01 5.013656622408945579e-03 -1.859658442720667909e-02
3.421189999999999998e+01 5.017309599384292378e-03 -1.857076056341835230e-02
3.427479999999999905e+01 5.020932796225063832e-03 -1.854499378074462440e-02
3.433760000000000190e+01 5.024514932492585642e-03 -1.851936548008255648e-02
3.440039999999999765e+01 5.028062034357534855e-03 -1.849383409469926298e-02
3.446329999999999671e+01 5.031579902737488494e-03 -1.846835867894702082e-02
3.452609999999999957e+01 5.035057586066747116e-03 -1.844301971789257324e-02
3.458890000000000242e+01 5.038500936531463067e-03 -1.841777611978901233e-02
3.465180000000000149e+01 5.041915585596778646e-03 -1.839258740399693157e-02
3.471459999999999724e+01 5.045290904049023160e-03 -1.836753315433359290e-02
3.477740000000000009e+01 5.048632573640150084e-03 -1.834257274633771875e-02
3.484029999999999916e+01 5.051946059819234502e-03 -1.831766615687815264e-02
3.490310000000000201e+01 5.055221049364743563e-03 -1.829289208281412518e-02
3.496589999999999776e+01 5.058463057053979618e-03 -1.826821035942596122e-02
3.502879999999999683e+01 5.061677385669113502e-03 -1.824358141374205280e-02
3.509159999999999968e+01 5.064854031776990471e-03 -1.821908306967263275e-02
3.515440000000000254e+01 5.067998346551940564e-03 -1.819467561484795770e-02
3.521730000000000160e+01 5.071115473373825552e-03 -1.817031991925502701e-02
3.528009999999999735e+01 5.074195712545618957e-03 -1.814609294758841307e-02
3.534290000000000020e+01 5.077244254925158962e-03 -1.812195543258533423e-02
3.540570000000000306e+01 5.080261308448068280e-03 -1.809790690325907905e-02
3.546860000000000213e+01 5.083251808922043501e-03 -1.807390880917905673e-02
3.553139999999999787e+01 5.086206452418470109e-03 -1.805003699046531587e-02
3.559420000000000073e+01 5.089130221037207503e-03 -1.802625276223802572e-02
3.565709999999999980e+01 5.092027898486343324e-03 -1.800251800077842801e-02
3.571990000000000265e+01 5.094890471016366891e-03 -1.797890771799753873e-02
3.578269999999999840e+01 5.097722767761993581e-03 -1.795538365778153941e-02
3.584559999999999746e+01 5.100529423332915945e-03 -1.793190811638931126e-02
3.590840000000000032e+01 5.103301708579549394e-03 -1.790855529038375485e-02
3.597120000000000317e+01 5.106044302692566011e-03 -1.788528734564402700e-02
3.603410000000000224e+01 5.108761694110641217e-03 -1.786206699180533167e-02
3.609689999999999799e+01 5.111445432837882774e-03 -1.783896762269480962e-02
3.615970000000000084e+01 5.114100051067610106e-03 -1.781595181954532744e-02
3.622259999999999991e+01 5.116729893923248340e-03 -1.779298269889661305e-02
3.628540000000000276e+01 5.119326785245421202e-03 -1.777013286420981233e-02
3.634819999999999851e+01 5.121895113104635473e-03 -1.774736530556261793e-02
3.641109999999999758e+01 5.124439082095347611e-03 -1.772464354005411427e-02
3.647390000000000043e+01 5.126950784702852953e-03 -1.770203939291211531e-02
3.653670000000000329e+01 5.129434467679383491e-03 -1.767951625667768534e-02
3.659960000000000235e+01 5.131894197809345852e-03 -1.765703804278755812e-02
3.666239999999999810e+01 5.134322331152504915e-03 -1.763467581013739710e-02
3.672520000000000095e+01 5.136722975879502023e-03 -1.761239334747450452e-02
3.678799999999999670e+01 5.139096306119659251e-03 -1.759019024665757491e-02
3.685090000000000288e+01 5.141446209050854789e-03 -1.756803093536892305e-02
3.691369999999999862e+01 5.143765384437271743e-03 -1.754598546898255770e-02
3.697650000000000148e+01 5.146057759841187254e-03 -1.752401815492877352e-02
3.703940000000000055e+01 5.148327090723198336e-03 -1.750209380117543484e-02
3.710220000000000340e+01 5.150566329046057414e-03 -1.748028172366120070e-02
3.716499999999999915e+01 5.152779269922760919e-03 -1.745854661189087664e-02
3.722789999999999822e+01 5.154969539605042637e-03 -1.743685364828721079e-02
3.729070000000000107e+01 5.157130337564918947e-03 -1.741527142052086419e-02
3.735349999999999682e+01 5.159265328990699818e-03 -1.739376499430764222e-02
3.741640000000000299e+01 5.161378013374519694e-03 -1.737229992080602942e-02
3.747919999999999874e+01 5.163461833115627099e-03 -1.735094407037663169e-02
3.754200000000000159e+01 5.165520325942648573e-03 -1.732966287919494863e-02
3.760490000000000066e+01 5.167556866979927319e-03 -1.730842226154486949e-02
3.766770000000000351e+01 5.169565137076182967e-03 -1.728728938123030162e-02
3.773049999999999926e+01 5.171548548907480003e-03 -1.726623003924467395e-02
3.779339999999999833e+01 5.173510355566403665e-03 -1.724521050749332207e-02
3.785620000000000118e+01 5.175444471974711448e-03 -1.722429725377679077e-02
3.791899999999999693e+01 5.177354188106835127e-03 -1.720345643837176142e-02
3.798190000000000310e+01 5.179242637305482393e-03 -1.718265468540487034e-02
3.804469999999999885e+01 5.181103964287486936e-03 -1.716195777703125036e-02
3.810750000000000171e+01 5.182941338622034863e-03 -1.714133222738061652e-02
3.817040000000000077e+01 5.184757776131194811e-03 -1.712074500750237691e-02
3.823319999999999652e+01 5.186547647144694288e-03 -1.710026122407300522e-02
3.829599999999999937e+01 5.188314003069832876e-03 -1.707984773974727949e-02
3.835880000000000223e+01 5.190056987494840422e-03 -1.705950420586315949e-02
3.842170000000000130e+01 5.191779462947307758e-03 -1.703919804790290926e-02
3.848449999999999704e+01 5.193476094190459073e-03 -1.701899348751374774e-02
3.854729999999999990e+01 5.195149778503517328e-03 -1.699885784387484070e-02
3.861019999999999897e+01 5.196803265898434186e-03 -1.697875887741059908e-02
3.867300000000000182e+01 5.198431437351154309e-03 -1.695876015729104805e-02
3.873579999999999757e+01 5.200037077015495779e-03 -1.693882933917364997e-02
3.879869999999999663e+01 5.201622824452245553e-03 -1.691893451344831170e-02
3.886149999999999949e+01 5.203183772968328347e-03 -1.689913860636792914e-02
3.892430000000000234e+01 5.204722595669542505e-03 -1.687940960506427446e-02
3.898720000000000141e+01 5.206241823683546190e-03 -1.685971592500806748e-02
3.904999999999999716e+01 5.207736758851337806e-03 -1.684011985892171562e-02
3.911280000000000001e+01 5.209209965261303414e-03 -1.682058972049985113e-02
3.917569999999999908e+01 5.210663867580857776e-03 -1.680109424549912356e-02
3.923850000000000193e+01 5.212093972470722113e-03 -1.678169510232853379e-02
3.930129999999999768e+01 5.213502736986987129e-03 -1.676236092642452782e-02
3.936419999999999675e+01 5.214892481265840166e-03 -1.674306076912265503e-02
3.942699999999999960e+01 5.216258913153660852e-03 -1.672385568356971747e-02
3.948980000000000246e+01 5.217604384615189342e-03 -1.670471462221131964e-02
3.955270000000000152e+01 5.218931113141686562e-03 -1.668560694734079822e-02
3.961549999999999727e+01 5.220235004209317076e-03 -1.666659310573167033e-02
3.967830000000000013e+01 5.221518306589390673e-03 -1.664764236219248850e-02
3.974110000000000298e+01 5.222781142344568549e-03 -1.662875441187847483e-02
3.980400000000000205e+01 5.224025594986515114e-03 -1.660989902459630851e-02
3.986679999999999779e+01 5.225247828063699779e-03 -1.659113585227953505e-02
3.992960000000000065e+01 5.226449955654135018e-03 -1.657243456908524815e-02
3.999249999999999972e+01 5.227633962866283859e-03 -1.655376524531947113e-02
4.005530000000000257e+01 5.228796202874171420e-03 -1.653518694667036049e-02
4.011809999999999832e+01 5.229938690830045894e-03 -1.651666964914305299e-02
4.018099999999999739e+01 5.231063315191537139e-03 -1.649818371919465135e-02
4.024380000000000024e+01 5.232166615448068277e-03 -1.647978764464086421e-02
4.030660000000000309e+01 5.233250509589150445e-03 -1.646145169896319482e-02
4.036950000000000216e+01 5.234316791136126371e-03 -1.644314654049956748e-02
4.043229999999999791e+01 5.235362182653188930e-03 -1.642493008741852459e-02
4.049510000000000076e+01 5.236388506692039695e-03 -1.640677290638479363e-02
4.055799999999999983e+01 5.237397463515448652e-03 -1.638864594342312117e-02
4.062080000000000268e+01 5.238385955589477255e-03 -1.637060655513567636e-02
4.068359999999999843e+01 5.239355711715852279e-03 -1.635262559715403713e-02
4.074649999999999750e+01 5.240308340540665924e-03 -1.633467429907044244e-02
4.080930000000000035e+01 5.241240921324883881e-03 -1.631680946386002487e-02
4.087210000000000321e+01 5.242155090772019320e-03 -1.629900223197993867e-02
4.093500000000000227e+01 5.243052367518501525e-03 -1.628122411254365881e-02
4.099779999999999802e+01 5.243930004577474630e-03 -1.626353136270015584e-02
4.106060000000000088e+01 5.244789548170868641e-03 -1.624589540366439683e-02
4.112339999999999662e+01 5.245631102733507196e-03 -1.622831596789587119e-02
4.118630000000000280e+01 5.246456069345638643e-03 -1.621076493098400073e-02
4.124909999999999854e+01 5.247261928034974848e-03 -1.619329783430444036e-02
4.131190000000000140e+01 5.248050106852650623e-03 -1.617588646716398501e-02
4.137480000000000047e+01 5.248821920488247993e-03 -1.615850297550799203e-02
4.143760000000000332e+01 5.249575015863008204e-03 -1.614120237256450041e-02
4.150039999999999907e+01 5.250310734186997008e-03 -1.612395671918438050e-02
4.156329999999999814e+01 5.251030305256468821e-03 -1.610673842785500381e-02
4.162610000000000099e+01 5.251731540045817027e-03 -1.608960199101681920e-02
4.168889999999999674e+01 5.252415694430223256e-03 -1.607251973723078722e-02
4.175180000000000291e+01 5.253083914778891930e-03 -1.605546434177895429e-02
4.181459999999999866e+01 5.253734173336389000e-03 -1.603848978354785459e-02
4.187740000000000151e+01 5.254367642117909430e-03 -1.602156865504151054e-02
4.194030000000000058e+01 5.254985385501642972e-03 -1.600467389065436674e-02
4.200310000000000343e+01 5.255585534275274313e-03 -1.598785896282902547e-02
4.206589999999999918e+01 5.256169178038458747e-03 -1.597109672431108393e-02
4.212879999999999825e+01 5.256737300584953670e-03 -1.595436036498884200e-02
4.219160000000000110e+01 5.257288188573007622e-03 -1.593770285784981353e-02
4.225439999999999685e+01 5.257822850601535057e-03 -1.592109731224376074e-02
4.231730000000000302e+01 5.258342191257718914e-03 -1.590451716999678744e-02
4.238009999999999877e+01 5.258844650450987708e-03 -1.588801491151144163e-02
4.244290000000000163e+01 5.259331157165390846e-03 -1.587156389916706892e-02
4.250569999999999737e+01 5.259801801300087627e-03 -1.585516389733192949e-02
4.256860000000000355e+01 5.260257383942216515e-03 -1.583878867827954312e-02
4.263139999999999930e+01 5.260696545324573294e-03 -1.582249007620370115e-02
4.269420000000000215e+01 5.261120110398967951e-03 -1.580624178535857891e-02
4.275710000000000122e+01 5.261528804153280982e-03 -1.579001782189405970e-02
4.281989999999999696e+01 5.261921414159259104e-03 -1.577386954300011301e-02
4.288269999999999982e+01 5.262298688879109461e-03 -1.575777088785735788e-02
4.294559999999999889e+01 5.262661278488872663e-03 -1.574169611313477185e-02
4.300840000000000174e+01 5.263008115447591166e-03 -1.572569610551028882e-02
4.307119999999999749e+01 5.263339873022677279e-03 -1.570974504571641395e-02
4.313409999999999656e+01 5.263657127840092390e-03 -1.569381742764097004e-02
4.319689999999999941e+01 5.263958954842183624e-03 -1.567796367383305842e-02
4.325970000000000226e+01 5.264245953370532555e-03 -1.566215820325986274e-02
4.332260000000000133e+01 5.264518627737773369e-03 -1.564637574378365675e-02
4.338539999999999708e+01 5.264776193012048709e-03 -1.563066626010152158e-02
4.344819999999999993e+01 5.265019175852895736e-03 -1.561500440615428559e-02
4.351109999999999900e+01 5.265248009471976305e-03 -1.559936514058893851e-02
4.357390000000000185e+01 5.265462046751074633e-03 -1.558379797642313151e-02
4.363669999999999760e+01 5.265661742886921723e-03 -1.556827779936533450e-02
4.369959999999999667e+01 5.265847461178769368e-03 -1.555277979571109519e-02
4.376239999999999952e+01 5.266018690054158694e-03 -1.553735303286905151e-02
4.382520000000000238e+01 5.266175814442293664e-03 -1.552197262516319572e-02
4.388799999999999812e+01 5.266318912177066387e-03 -1.550663836437734741e-02
4.395089999999999719e+01 5.266448255162083265e-03 -1.549132573551135518e-02
4.401370000000000005e+01 5.266563509075928261e-03 -1.547608322117547189e-02
4.407650000000000290e+01 5.266664966988893366e-03 -1.546088623566277062e-02
4.413940000000000197e+01 5.266752833576134746e-03 -1.544571048450685095e-02
4.420219999999999771e+01 5.266826904936727609e-03 -1.543060401848625647e-02
4.426500000000000057e+01 5.266887406572449797e-03 -1.541554247335867253e-02
4.432789999999999964e+01 5.266934477043487203e-03 -1.540050177222622441e-02
4.439070000000000249e+01 5.266968040741437478e-03 -1.538552953978003165e-02
4.445349999999999824e+01 5.266988256719258056e-03 -1.537060163026221157e-02
4.451639999999999731e+01 5.266995198514286616e-03 -1.535569418142720619e-02
4.457920000000000016e+01 5.266988916722518434e-03 -1.534085439752933683e-02
4.464200000000000301e+01 5.266969505046273717e-03 -1.532605834836426630e-02
4.470490000000000208e+01 5.266936973071362910e-03 -1.531128238347067433e-02
4.476769999999999783e+01 5.266891495548918847e-03 -1.529657329222482501e-02
4.483050000000000068e+01 5.266833101907860901e-03 -1.528190735709343551e-02
4.489339999999999975e+01 5.266761738833458835e-03 -1.526726113657842811e-02
4.495620000000000260e+01 5.266677703220693472e-03 -1.525268101064671672e-02
4.501899999999999835e+01 5.266580961281854337e-03 -1.523814347160097789e-02
4.508189999999999742e+01 5.266471397832823108e-03 -1.522362528413158909e-02
4.514470000000000027e+01 5.266349429938223074e-03 -1.520917242417648210e-02
4.520750000000000313e+01 5.266214961630527776e-03 -1.519476159108566239e-02
4.527040000000000219e+01 5.266067816868008275e-03 -1.518036975300846199e-02
4.533319999999999794e+01 5.265908530946936290e-03 -1.516604248714761155e-02
4.539600000000000080e+01 5.265736946737290154e-03 -1.515175669715735328e-02
4.545879999999999654e+01 5.265553130752210348e-03 -1.513751220144515103e-02
4.552170000000000272e+01 5.265356827358255373e-03 -1.512328623523455373e-02
4.558449999999999847e+01 5.265148726519922225e-03 -1.510912385223841040e-02
4.564730000000000132e+01 5.264928591117375850e-03 -1.509500222429135605e-02
4.571020000000000039e+01 5.264696106947551642e-03 -1.508089878387866394e-02
4.577300000000000324e+01 5.264452077821013716e-03 -1.506685819800178752e-02
4.583579999999999899e+01 5.264196207755832135e-03 -1.505285783657162382e-02
4.589869999999999806e+01 5.263928124929847033e-03 -1.503887532675032661e-02
4.596150000000000091e+01 5.263648745176416344e-03 -1.502495495384491980e-02
4.602429999999999666e+01 5.263357714607169204e-03 -1.501107428324495452e-02
4.608720000000000283e+01 5.263054604713938295e-03 -1.499721113424614533e-02
4.614999999999999858e+01 5.262740441562327627e-03 -1.498340941539846351e-02
4.621280000000000143e+01 5.262414814295612690e-03 -1.496964688501428893e-02
4.627570000000000050e+01 5.262077238635676744e-03 -1.495590155202039008e-02
4.633850000000000335e+01 5.261728849121762724e-03 -1.494221695306890453e-02
4.640129999999999910e+01 5.261369178849754566e-03 -1.492857103688025738e-02
4.646419999999999817e+01 5.260997688670970840e-03 -1.491494199954972351e-02
4.652700000000000102e+01 5.260615619870975465e-03 -1.490137301061422379e-02
4.658979999999999677e+01 5.260222450402442934e-03 -1.488784220672762816e-02
4.665270000000000294e+01 5.259817587129267044e-03 -1.487432796873039940e-02
4.671549999999999869e+01 5.259402376386531144e-03 -1.486087310375168273e-02
4.677830000000000155e+01 5.258976241871529157e-03 -1.484745593394361934e-02
4.684109999999999729e+01 5.258539241821773118e-03 -1.483407629781461311e-02
4.690400000000000347e+01 5.258090712473570578e-03 -1.482071281879693975e-02
4.696679999999999922e+01 5.257632137622021348e-03 -1.480740782806729341e-02
4.702960000000000207e+01 5.257162869986712998e-03 -1.479413989135559479e-02
4.709250000000000114e+01 5.256682193815896860e-03 -1.478088781133368376e-02
4.715529999999999688e+01 5.256191694110220157e-03 -1.476769356746912044e-02
4.721809999999999974e+01 5.255690671343802960e-03 -1.475453590545771146e-02
4.728099999999999881e+01 5.255178358608428649e-03 -1.474139380491293685e-02
4.734380000000000166e+01 5.254656440510428392e-03 -1.472830889806006974e-02
4.740659999999999741e+01 5.254124166114401522e-03 -1.471526010825175909e-02
4.746949999999999648e+01 5.253580718172555161e-03 -1.470222658978132847e-02
4.753229999999999933e+01 5.253027879324726271e-03 -1.468924963202931748e-02
4.759510000000000218e+01 5.252464848047139548e-03 -1.467630833373247470e-02
4.765800000000000125e+01 5.251890757554934959e-03 -1.466338202163757279e-02
4.772079999999999700e+01 5.251307486976363077e-03 -1.465051164660996150e-02
4.778359999999999985e+01 5.250714185005953341e-03 -1.463767648053337575e-02
4.784649999999999892e+01 5.250109936110239003e-03 -1.462485602041638418e-02
4.790930000000000177e+01 5.249496714387265686e-03 -1.461209088287195035e-02
4.797209999999999752e+01 5.248873619542412418e-03 -1.459936051072861958e-02
4.803499999999999659e+01 5.248239688068310690e-03 -1.458664456909920283e-02
4.809779999999999944e+01 5.247596987540116727e-03 -1.457398334454156237e-02
4.816060000000000230e+01 5.246944569452764370e-03 -1.456135644866116130e-02
4.822339999999999804e+01 5.246282485042033129e-03 -1.454876373745477534e-02
4.828629999999999711e+01 5.245609708025525397e-03 -1.453618509684673904e-02
4.834909999999999997e+01 5.244928428320229374e-03 -1.452366037979657687e-02
4.841190000000000282e+01 5.244237634336774631e-03 -1.451116941960229299e-02
4.847480000000000189e+01 5.243536253574677779e-03 -1.449869226538763080e-02
4.853759999999999764e+01 5.242826566042926850e-03 -1.448626844960186101e-02
4.860040000000000049e+01 5.242107513706517619e-03 -1.447387796939164292e-02
4.866329999999999956e+01 5.241377978577957571e-03 -1.446150103503174647e-02
4.872610000000000241e+01 5.240640329347904386e-03 -1.444917686244859278e-02
4.878889999999999816e+01 5.239893462270528955e-03 -1.443688561057939086e-02
4.885179999999999723e+01 5.239136214589934504e-03 -1.442460764883297941e-02
4.891460000000000008e+01 5.238371042291684390e-03 -1.441238188053986687e-02
4.897740000000000293e+01 5.237596796641369803e-03 -1.440018862440128194e-02
4.904030000000000200e+01 5.236812270821124618e-03 -1.438800840697408191e-02
4.910309999999999775e+01 5.236020006747697970e-03 -1.437587982286035217e-02
4.916590000000000060e+01 5.235218811408090707e-03 -1.436378334852989914e-02
4.922879999999999967e+01 5.234407434616934404e-03 -1.435169966573182111e-02
4.929160000000000252e+01 5.233588502881044054e-03 -1.433966706414895216e-02
4.935439999999999827e+01 5.232760779606810894e-03 -1.432766617605469618e-02
4.941729999999999734e+01 5.231922971924153100e-03 -1.431567783646437927e-02
4.948010000000000019e+01 5.231077789610931970e-03 -1.430374003389347191e-02
4.954290000000000305e+01 5.230223953179145846e-03 -1.429183355448388100e-02
4.960569999999999879e+01 5.229361507906970900e-03 -1.427995826950221453e-02
4.966859999999999786e+01 5.228489105061140570e-03 -1.426809521534671589e-02
4.973140000000000072e+01 5.227609563418767619e-03 -1.425628198476756869e-02
4.979419999999999646e+01 5.226721547354323469e-03 -1.424449956607869161e-02
4.985710000000000264e+01 5.225823666998901523e-03 -1.423272914456358632e-02
4.991989999999999839e+01 5.224918821406507319e-03 -1.422100802034171468e-02
4.998270000000000124e+01 5.224005633614005328e-03 -1.420931733119398625e-02
5.004560000000000031e+01 5.223082673262517336e-03 -1.419763840945853332e-02
5.010840000000000316e+01 5.222152918434269479e-03 -1.418600826619225569e-02
5.017119999999999891e+01 5.221214951477385659e-03 -1.417440818680386870e-02
5.023409999999999798e+01 5.220267302178026314e-03 -1.416281964888295095e-02
5.029690000000000083e+01 5.219313026418154720e-03 -1.415127937793905430e-02
5.035969999999999658e+01 5.218350666495303464e-03 -1.413976880519711432e-02
5.042260000000000275e+01 5.217378712965283112e-03 -1.412826955172202976e-02
5.048539999999999850e+01 5.216400298301056108e-03 -1.411681806093907643e-02
5.054820000000000135e+01 5.215413925377243055e-03 -1.410539590810502668e-02
5.061110000000000042e+01 5.214418046133723755e-03 -1.409398485601047989e-02
5.067390000000000327e+01 5.213415868445066617e-03 -1.408262106940836624e-02
5.073669999999999902e+01 5.212405856380403907e-03 -1.407128626582958286e-02
5.079959999999999809e+01 5.211386423868120434e-03 -1.405996234806682760e-02
5.086240000000000094e+01 5.210360853013955296e-03 -1.404868520556239522e-02
5.092519999999999669e+01 5.209327569688944164e-03 -1.403743669638974137e-02
5.098799999999999955e+01 5.208286614074214560e-03 -1.402621670519333709e-02
5.105089999999999861e+01 5.207236350346062560e-03 -1.401500731877425472e-02
5.111370000000000147e+01 5.206180157783720473e-03 -1.400384406468555346e-02
5.117649999999999721e+01 5.205116412261833261e-03 -1.399270898571738919e-02
5.123940000000000339e+01 5.204043441317802825e-03 -1.398158430475033784e-02
5.130219999999999914e+01 5.202964695802753982e-03 -1.397050528167956968e-02
5.136500000000000199e+01 5.201878514772485980e-03 -1.395945409589711798e-02
5.142790000000000106e+01 5.200783189698135293e-03 -1.394841310472308415e-02
5.149069999999999681e+01 5.199682241892726944e-03 -1.393741730359512009e-02
5.155349999999999966e+01 5.198573974168612701e-03 -1.392644900685960710e-02
5.161639999999999873e+01 5.197456642494187665e-03 -1.391549070466032226e-02
5.167920000000000158e+01 5.196333837551722450e-03 -1.390457713113114196e-02
5.174199999999999733e+01 5.195203826476357638e-03 -1.389369073394956453e-02
5.180490000000000350e+01 5.194064830288326780e-03 -1.388281413449084407e-02
5.186769999999999925e+01 5.192920507963514308e-03 -1.387198180869310057e-02
5.193050000000000210e+01 5.191769091517069688e-03 -1.386117633596548916e-02
5.199340000000000117e+01 5.190608767566917345e-03 -1.385038046734587969e-02
5.205619999999999692e+01 5.189443262323570165e-03 -1.383962842363961263e-02
5.211899999999999977e+01 5.188270773230635804e-03 -1.382890291441147071e-02
5.218189999999999884e+01 5.187089453040976024e-03 -1.381818681881597476e-02
5.224470000000000169e+01 5.185903094157096570e-03 -1.380751410554441165e-02
5.230749999999999744e+01 5.184709859990871937e-03 -1.379686761276420134e-02
5.237030000000000030e+01 5.183509786339422602e-03 -1.378624723687768040e-02
5.243319999999999936e+01 5.182300981629254372e-03 -1.377563602547334301e-02
5.249600000000000222e+01 5.181087324913236959e-03 -1.376506761575484704e-02
5.255879999999999797e+01 5.179866935058579161e-03 -1.375452501496074106e-02
5.262169999999999703e+01 5.178637887847852353e-03 -1.374399139527593579e-02
5.268449999999999989e+01 5.177404126155014420e-03 -1.373350014866545066e-02
5.274730000000000274e+01 5.176163736042431116e-03 -1.372303440743428971e-02
5.281020000000000181e+01 5.174914761158637931e-03 -1.371257746689128094e-02
5.287299999999999756e+01 5.173661207208221473e-03 -1.370216247663948519e-02
5.293580000000000041e+01 5.172401127960995180e-03 -1.369177269257119620e-02
5.299869999999999948e+01 5.171132535433490239e-03 -1.368139153166789308e-02
5.306150000000000233e+01 5.169859497185460943e-03 -1.367105190400626571e-02
5.312429999999999808e+01 5.168580035198558353e-03 -1.366073718760810012e-02
5.318719999999999715e+01 5.167292130351632679e-03 -1.365043091969713428e-02
5.325000000000000000e+01 5.165999911098864868e-03 -1.364016577361887826e-02
5.331280000000000285e+01 5.164701368130374982e-03 -1.362992524808779443e-02
5.337570000000000192e+01 5.163394451674101736e-03 -1.361969299915999354e-02
5.343849999999999767e+01 5.162083350132348931e-03 -1.360950146620531001e-02
5.350130000000000052e+01 5.160766023392727650e-03 -1.359933426721467165e-02
5.356419999999999959e+01 5.159440391511643798e-03 -1.358917517568685417e-02
5.362700000000000244e+01 5.158110701907351291e-03 -1.357905639973246668e-02
5.368979999999999819e+01 5.156774884146556569e-03 -1.356896167522297914e-02
5.375269999999999726e+01 5.155430828586222113e-03 -1.355887489172995057e-02
5.381550000000000011e+01 5.154082840742284753e-03 -1.354882802878281528e-02
5.387830000000000297e+01 5.152728820334816218e-03 -1.353880493875759226e-02
5.394109999999999872e+01 5.151368798894342960e-03 -1.352880552973845761e-02
5.400399999999999778e+01 5.150000627905767375e-03 -1.351881384394330518e-02
5.406680000000000064e+01 5.148628688933712741e-03 -1.350886156026697218e-02
5.412960000000000349e+01 5.147250842633269499e-03 -1.349893268429805740e-02
5.419250000000000256e+01 5.145864911863920303e-03 -1.348901137120633517e-02
5.425529999999999831e+01 5.144475334198035481e-03 -1.347912907740807416e-02
5.431810000000000116e+01 5.143079941523021059e-03 -1.346926992186162769e-02
5.438100000000000023e+01 5.141676528521822200e-03 -1.345941817138246802e-02
5.444380000000000308e+01 5.140269587900705810e-03 -1.344960506246293749e-02
5.450659999999999883e+01 5.138856923230324461e-03 -1.343981482611917612e-02
5.456949999999999790e+01 5.137436301459288521e-03 -1.343003183952463583e-02
5.463230000000000075e+01 5.136012269566709795e-03 -1.342028712176662232e-02
5.469509999999999650e+01 5.134582603250697173e-03 -1.341056501462565241e-02
5.475800000000000267e+01 5.133145042161168202e-03 -1.340085000436353098e-02
5.482079999999999842e+01 5.131704186701582099e-03 -1.339117289514632839e-02
5.488360000000000127e+01 5.130257785135125363e-03 -1.338151813824368583e-02
5.494650000000000034e+01 5.128803550242243617e-03 -1.337187032775401761e-02
5.500930000000000319e+01 5.127346135014559068e-03 -1.336226005537134547e-02
5.507209999999999894e+01 5.125883260711499613e-03 -1.335267188059716635e-02
5.513499999999999801e+01 5.124412613666932438e-03 -1.334309050413222050e-02
5.519780000000000086e+01 5.122938898636581438e-03 -1.333354630761371916e-02
5.526059999999999661e+01 5.121459810300908917e-03 -1.332402395753532962e-02
5.532339999999999947e+01 5.119975376958633279e-03 -1.331452337099432726e-02
5.538629999999999853e+01 5.118483250333237707e-03 -1.330502938891923309e-02
5.544910000000000139e+01 5.116988202928945614e-03 -1.329557211660719641e-02
5.551189999999999714e+01 5.115487894642238922e-03 -1.328613636129108953e-02
5.557480000000000331e+01 5.113979951712839880e-03 -1.327670706768860863e-02
5.563759999999999906e+01 5.112469196532182583e-03 -1.326731413654609268e-02
5.570040000000000191e+01 5.110953263384915984e-03 -1.325794247926309795e-02
5.576330000000000098e+01 5.109429753429712250e-03 -1.324857714316861508e-02
5.582609999999999673e+01 5.107903538159888623e-03 -1.323924782676402616e-02
5.588889999999999958e+01 5.106372226652763913e-03 -1.322993954443254551e-02
5.595179999999999865e+01 5.104833395382833705e-03 -1.322063744495291862e-02
5.601460000000000150e+01 5.103291964171167636e-03 -1.321137102685572030e-02
5.607739999999999725e+01 5.101745517286396421e-03 -1.320212540634121967e-02
5.614030000000000342e+01 5.100191606910001001e-03 -1.319288583249240109e-02
5.620309999999999917e+01 5.098635200427633490e-03 -1.318368160611205382e-02
5.626590000000000202e+01 5.097073857692135772e-03 -1.317449794406702276e-02
5.632880000000000109e+01 5.095505106977537245e-03 -1.316532019461480116e-02
5.639159999999999684e+01 5.093933962481685639e-03 -1.315617746304275672e-02
5.645439999999999969e+01 5.092357960028885862e-03 -1.314705506574967604e-02
5.651729999999999876e+01 5.090774604365768535e-03 -1.313793844905341950e-02
5.658010000000000161e+01 5.089188955760573681e-03 -1.312885652490807312e-02
5.664289999999999736e+01 5.087598526390798605e-03 -1.311979470812538358e-02
5.670570000000000022e+01 5.086003341731840273e-03 -1.311075292379536815e-02
5.676859999999999928e+01 5.084400875746322018e-03 -1.310171674725929200e-02
5.683140000000000214e+01 5.082796248985835957e-03 -1.309271483607023223e-02
5.689419999999999789e+01 5.081186942687250865e-03 -1.308373273452605179e-02
5.695709999999999695e+01 5.079570408151622141e-03 -1.307475611348787176e-02
5.701989999999999981e+01 5.077951810310353357e-03 -1.306581344215215768e-02
5.708270000000000266e+01 5.076328607623120832e-03 -1.305689036067825964e-02
5.714560000000000173e+01 5.074698229091807906e-03 -1.304797263438300936e-02
5.720839999999999748e+01 5.073065883319788708e-03 -1.303908854619126832e-02
5.727120000000000033e+01 5.071429006353528508e-03 -1.303022383105512799e-02
5.733409999999999940e+01 5.069785005253009229e-03 -1.302136434769748247e-02
5.739690000000000225e+01 5.068139131595578335e-03 -1.301253819482839358e-02
5.745969999999999800e+01 5.066488799373321077e-03 -1.300373120113856168e-02
5.752259999999999707e+01 5.064831394056604728e-03 -1.299492931772151458e-02
5.758539999999999992e+01 5.063172209508369319e-03 -1.298616046110163957e-02
5.764820000000000277e+01 5.061508638020135141e-03 -1.297741055266839541e-02
5.771110000000000184e+01 5.059838043820015854e-03 -1.296866563486458353e-02
5.777389999999999759e+01 5.058165762377649609e-03 -1.295995344403075462e-02
5.783670000000000044e+01 5.056489164632848969e-03 -1.295125999322937690e-02
5.789959999999999951e+01 5.054805593914015079e-03 -1.294257141524495815e-02
5.796240000000000236e+01 5.053120426627880947e-03 -1.293391526820920033e-02
5.802519999999999811e+01 5.051431012706570495e-03 -1.292527765584572039e-02
5.808800000000000097e+01 5.049737375147573051e-03 -1.291665851035035846e-02
5.815090000000000003e+01 5.048036829941214380e-03 -1.290804408340372363e-02
5.821370000000000289e+01 5.046334807044230465e-03 -1.289946169858316102e-02
5.827649999999999864e+01 5.044628628908963755e-03 -1.289089757892766808e-02
5.833939999999999770e+01 5.042915591406888984e-03 -1.288233806416125803e-02
5.840220000000000056e+01 5.041201163904900431e-03 -1.287381030415826223e-02
5.846500000000000341e+01 5.039482648631852732e-03 -1.286530061031074604e-02
5.852790000000000248e+01 5.037757321667393588e-03 -1.285679540942303092e-02
5.859069999999999823e+01 5.036030691148886754e-03 -1.284832167955490129e-02
5.865350000000000108e+01 5.034300039410125570e-03 -1.283986581948430745e-02
5.871640000000000015e+01 5.032562623061461772e-03 -1.283141434214571039e-02
5.877920000000000300e+01 5.030823988379703841e-03 -1.282299405564768513e-02
5.884199999999999875e+01 5.029081398127488792e-03 -1.281459144519988061e-02
5.890489999999999782e+01 5.027332089764011136e-03 -1.280619310892940239e-02
5.896770000000000067e+01 5.025581647082990808e-03 -1.279782568683227040e-02
5.903050000000000352e+01 5.023827313595394251e-03 -1.278947574960836303e-02
5.909340000000000259e+01 5.022066307923064160e-03 -1.278112997965245509e-02
5.915619999999999834e+01 5.020304250762462617e-03 -1.277281485066231355e-02
5.921900000000000119e+01 5.018538366688017963e-03 -1.276451701789917473e-02
5.928190000000000026e+01 5.016765855793766000e-03 -1.275622324711278219e-02
5.934470000000000312e+01 5.014992375072962506e-03 -1.274795984749302162e-02
5.940749999999999886e+01 5.013215130474354964e-03 -1.273971355794594959e-02
5.947030000000000172e+01 5.011434142811003849e-03 -1.273148431699982000e-02
5.953320000000000078e+01 5.009646587950685077e-03 -1.272325900013107983e-02
5.959599999999999653e+01 5.007858170347522127e-03 -1.271506369995858109e-02
5.965879999999999939e+01 5.006066071595497748e-03 -1.270688526549559709e-02
5.972169999999999845e+01 5.004267449740643775e-03 -1.269871065349088661e-02
5.978450000000000131e+01 5.002468044151327058e-03 -1.269056579614151123e-02
5.984729999999999706e+01 5.000665018504883014e-03 -1.268243762401417667e-02
5.991020000000000323e+01 4.998855513321465160e-03 -1.267431317425691227e-02
5.997299999999999898e+01 4.997045302304181993e-03 -1.266621822035813270e-02
6.003580000000000183e+01 4.995231531510815545e-03 -1.265813977356126420e-02
6.009870000000000090e+01 4.993411324227555945e-03 -1.265006495055211351e-02
6.016149999999999665e+01 4.991590487920394802e-03 -1.264201936780113764e-02
6.022429999999999950e+01 4.989766151320703877e-03 -1.263399011636337672e-02
6.028719999999999857e+01 4.987935420768700896e-03 -1.262596439161219573e-02
6.035000000000000142e+01 4.986104136928967180e-03 -1.261796765466874533e-02
6.041279999999999717e+01 4.984269411495653029e-03 -1.260998707554594755e-02
6.047570000000000334e+01 4.982428334147207850e-03 -1.260200992746568147e-02
6.053849999999999909e+01 4.980586778189880111e-03 -1.259406151784668582e-02
6.060130000000000194e+01 4.978741838565978010e-03 -1.258612909481721456e-02
6.066420000000000101e+01 4.976890588572583339e-03 -1.257820000861963050e-02
6.072699999999999676e+01 4.975038933608012283e-03 -1.257029941459572066e-02
6.078979999999999961e+01 4.973183952144293908e-03 -1.256241463815760753e-02
6.085260000000000247e+01 4.971325663060554775e-03 -1.255454562348943919e-02
6.091550000000000153e+01 4.969461118244664598e-03 -1.254667982224476341e-02
6.097829999999999728e+01 4.967596265036308342e-03 -1.253884218951463111e-02
6.104110000000000014e+01 4.965728160381543098e-03 -1.253102015246820335e-02
6.110399999999999920e+01 4.963853840426839074e-03 -1.252320123788930838e-02
6.116680000000000206e+01 4.961979283349304132e-03 -1.251541025250309074e-02
6.122959999999999781e+01 4.960101530267321986e-03 -1.250763469886454968e-02
6.129249999999999687e+01 4.958217601854228787e-03 -1.249986217809516409e-02
6.135529999999999973e+01 4.956333506598450088e-03 -1.249211735011056951e-02
6.141810000000000258e+01 4.954446270060069296e-03 -1.248438779205570531e-02
6.148100000000000165e+01 4.952552897704081032e-03 -1.247666117860735807e-02
6.154379999999999740e+01 4.950659427810894832e-03 -1.246896202440801391e-02
6.160660000000000025e+01 4.948762870648170525e-03 -1.246127798040696372e-02
6.166949999999999932e+01 4.946860216733880815e-03 -1.245359679406412776e-02
6.173230000000000217e+01 4.944957533627797157e-03 -1.244594283626537096e-02
6.179509999999999792e+01 4.943051816567547475e-03 -1.243830383098899761e-02
6.185799999999999699e+01 4.941140041381998638e-03 -1.243066759771579988e-02
6.192079999999999984e+01 4.939228304404260847e-03 -1.242305836507215898e-02
6.198360000000000269e+01 4.937313586100903519e-03 -1.241546392929999965e-02
6.204650000000000176e+01 4.935392847866273969e-03 -1.240787218114862249e-02
6.210929999999999751e+01 4.933472214307272827e-03 -1.240030720846282443e-02
6.217210000000000036e+01 4.931548651375029443e-03 -1.239275687899268549e-02
6.223499999999999943e+01 4.929619106280648012e-03 -1.238520915401329463e-02
6.229780000000000229e+01 4.927689731411681075e-03 -1.237768798204688485e-02
6.236059999999999803e+01 4.925757478456115231e-03 -1.237018130160594774e-02
6.242340000000000089e+01 4.923822364354358758e-03 -1.236268906258541564e-02
6.248629999999999995e+01 4.921881317794244391e-03 -1.235519931914367230e-02
6.254910000000000281e+01 4.919940527443185732e-03 -1.234773583630113976e-02
6.261189999999999856e+01 4.917996926360932407e-03 -1.234028664576440441e-02
6.267479999999999762e+01 4.916047429625828614e-03 -1.233283987052163737e-02
6.273760000000000048e+01 4.914098252559666313e-03 -1.232541913960287158e-02
6.280040000000000333e+01 4.912146314535134096e-03 -1.231801255377418768e-02
6.286330000000000240e+01 4.910188517261755356e-03 -1.231060830414208197e-02
6.292609999999999815e+01 4.908231102243158263e-03 -1.230322988514422240e-02
6.298890000000000100e+01 4.906270975406612153e-03 -1.229586546589180734e-02
6.305180000000000007e+01 4.904305025330396930e-03 -1.228850330490730523e-02
6.311460000000000292e+01 4.902339519233429171e-03 -1.228116676341627078e-02
6.317739999999999867e+01 4.900371349836096443e-03 -1.227384407816982381e-02
6.324029999999999774e+01 4.898397392819996664e-03 -1.226652357441295610e-02
6.330310000000000059e+01 4.896423940658672924e-03 -1.225922848152192872e-02
6.336590000000000344e+01 4.894447873101124939e-03 -1.225194710319152218e-02
6.342880000000000251e+01 4.892466053163828203e-03 -1.224466783070465685e-02
6.349159999999999826e+01 4.890484798120100889e-03 -1.223741376293387487e-02
6.355440000000000111e+01 4.888500974980046834e-03 -1.223017326983024712e-02
6.361730000000000018e+01 4.886511434323660870e-03 -1.222293480803868237e-02
6.368010000000000304e+01 4.884522517774874707e-03 -1.221572134725662680e-02
6.374289999999999878e+01 4.882531079834454869e-03 -1.220852132301277447e-02
6.380570000000000164e+01 4.880537135931721504e-03 -1.220133468967601019e-02
6.386860000000000070e+01 4.878537520417441410e-03 -1.219414998999257191e-02
6.393139999999999645e+01 4.876538606689950588e-03 -1.218699002348671429e-02
6.399419999999999931e+01 4.874537232925060283e-03 -1.217984331207175655e-02
6.405710000000000548e+01 4.872530221559282990e-03 -1.217269846231195871e-02
6.411990000000000123e+01 4.870523969315413391e-03 -1.216557814759174939e-02
6.418269999999999698e+01 4.868515302384237783e-03 -1.215847095385186837e-02
6.424559999999999604e+01 4.866501031507148092e-03 -1.215136555082672529e-02
6.430840000000000600e+01 4.864487576300710950e-03 -1.214428448703473370e-02
